CatBoostClassifier: 0.739709339593809
KNeighborsClassifier: 0.729605295195475
LGBMClassifier: 0.7432883584742562
LogisticRegression: 0.7117161570054779
RandomForestClassifier: 0.7446171894524798
XGBClassifier: 0.7455464646236889
