complete: 0.6461801816912763
hillclimb:
  LogisticRegression: 0.6480238774152008
  LogisticRegression + CatBoostClassifier: 0.6488828258999345
votclf: 0.6345904641838771
